00000000 00
01010100 54
00010011 13
11110100 F4
10111111 BF
00001000 08
01000000 40



00    09    7E    F6 08 4E 14 7D 5E 8C    7E    (vol down pressed)
00    09    7E    F6 08 4E 9B F9          7E          (vol down released)

00    09    7E    F6 08 4E 15 F7 9D       7E       (vol up pressed)
00    09    7E    F6 08 4E 9B F9          7E          (vol up released)

00    09    7E    F6 08 4E 0E A5 33       7E       (mute pressed)
00    09    7E    F6 08 4E 9B F9          7E          (mute released)




00 05 7E FA 08 80 00 0C 06 FA A5 7E




FA 08 80     02 00     00 1C 3C 7C EC CC 8C 0C 00 F0 F8 5C 8C 1C F8 F0 00 FC FC 00 FC FC 00 FC FC 00 00 00 00 00 00 00 00 00 00 00 00 00 00 00 00 00 00 00 00 00 00 00 00 00 00 00 00 00 00 00 00 00 00 00 00 00 00 00 00 00 00 00 00 00 00 00 00 00 00 00 00 00 00 00 00 00 00 00 00 00 00 00 00 00 00 00 00 00 00 00 00 00 00 00 00 00 00 00 00 00 00 00 00 00 00 00 00 00 00 00 00 00 00 00 00 00 00 00 00 00 00 00 00 00 00 00 00 00 00 00 00 00 00 00 00 00 00 00 00 00 00 00 00 00 00 00 00 00 00 00 00 00 00 00 00 00 21 7F 01 00 7C 04 3F 04 00 01 02 00 23 45 49 31 00 3E 41 41 3E 00 3E 41 41 3E 00 00 00 00 00 00 00 00 04 02

FA 08 80     00 81     1E 14 0A 00 0A 04 0A 00 02 02 00 06 06 06 06 00 0E 0E 0E 0E 00 1E 00 00 00 00 00 3E 08 3E 00 00 0E 00 00 00 FF 87 FB FD FB 87 FF 00 00 00 00 00 00 00 00 00 00 00 00 00 00 00 00 00 00 00 00 00 00 00 00 00 00 00 00 00 00 00 7D 5E 01 01 7D 5E 00 31 49 49 46 00 7F 49 49 36 00 00 00 00 00 00 00 00 00 00 0C 1C 38 30 39 1F 0F 00 0F 1F 38 30 39 1F 0F 00 07 07 06 07 07 06 07 03 00 00 00 00 00 00 00 00 00 00 00 00 00 00 00 00 00 00 00 00 00 00 00 00 00 00 00 00 00 00 00 00 00 00 00 00 00 00 00 00 00 00 00 00 00 00 00 00 00 00 00 00 00 00 00 00 00 00 00 00 00 00 00 00 00 00 00 00 00 00 00 00 00 00 00 56
FA 08 80     00 15     00 1E AC 1C

FA 08 80     03 44     40 47 48 70 00 01 02 00 00 21 7F 01 00 3E 41 41 3E A5 90